75	3	1	1162160236000
170	1	3	1162208198000
175	1	4	1133674606000
175	6	5	1133674818000
190	1	4.5	1057778398000
190	7	2	1049823937000
325	1	4	1134939391000
325	5	3	1171141231000
325	7	3.5	1133742883000
383	6	3	1176264941000
493	1	3.5	1217711355000
493	7	3	1215499078000
545	1	4	1162333326000
580	1	5	1162374884000
622	1	4	1215485147000
783	7	3.5	1162488822000
788	1	4	1188553740000
788	2	4.5	1188556436000
788	3	3.5	1188564581000
788	9	2.5	1188558801000
922	1	4	1188506499000
1047	1	4	1092029317000
1047	2	3.5	1214671506000
1117	2	2.5	1162676096000
1118	1	2	1215630630000
1160	2	3.5	1215652401000
1160	5	3.5	1216126166000
1174	1	4	1111555828000
1174	2	3	1111560425000
1174	3	2.5	1111555400000
1174	5	3	1212543761000
1198	2	2.5	1188661392000
1198	6	3.5	1188661232000
1224	1	5	1022813649000
1224	3	4	1022814559000
1355	1	3.5	1188730764000
1355	2	3.5	1188731175000
1392	1	3	1164065612000
1392	2	3	1162769856000
1496	1	5	1189980529000
1496	6	3.5	1190828796000
1504	1	3	1188822158000
1510	2	4	1176604283000
1547	1	4	1134325470000
1632	1	5	1068581652000
1632	5	3	1106500515000
1632	6	4.5	1094611185000
1632	7	3.5	1083527721000
1663	1	3	1193171289000
1724	1	5	960328775000
1751	1	4	1134415417000
1751	2	3	1134417476000
1860	3	3	945189261000
1860	6	4	942180635000
1860	9	3	987194080000
1910	1	3	1170417307000
1915	1	3.5	1223935004000
1915	3	3	1223949862000
1915	6	4.5	1189015077000
1988	2	3	1183493941000
1988	5	3	1183494248000
1988	6	3	1134589493000
2053	6	3	1134583101000
2053	7	2.5	1134614946000
2204	2	2.5	1188855599000
2204	6	4	1023397902000
2218	6	3.5	1163252774000
2276	1	5	974475264000
2429	1	4.5	1163099801000
2435	1	5	1203729891000
2455	6	4	1085415067000
2471	1	4	1216106070000
2471	2	3	1216107719000
2471	6	3	1216107250000
2513	1	4	1163105200000
2513	4	3.5	1163629303000
2517	2	2.5	1085420889000
2517	6	4.5	1085436737000
2556	1	4	1085421339000
2558	1	3	1190322315000
2589	2	3.5	1163116122000
2612	3	4	1024409879000
2612	7	3	1121954838000
2643	1	3.5	1163448406000
2692	2	3.5	1216136162000
2706	1	4	1163123832000
2842	1	3.5	1189455603000
2852	1	4	1040071783000
2852	2	3.5	1077024513000
2852	3	3.5	1076967962000
2852	4	3	1076965818000
2853	1	4	1163161838000
2853	2	3.5	1163169553000
2891	1	4	1134812186000
2891	3	2.5	1134810872000
2891	5	3.5	1135215092000
3057	1	3	1216177679000
3057	5	3	1219097008000
3057	7	3.5	1219076889000
3104	1	4	1135134870000
3174	1	3.5	1074909413000
3174	4	3.5	1062305757000
3174	7	3.5	1062305375000
3301	1	4	1085970114000
3301	2	3	1085970314000
3301	4	2	1085972515000
3301	6	2.5	1085970268000
3301	7	2.5	1085970357000
3304	1	4	1135067942000
3304	6	3.5	1135849760000
3313	6	5	1135092967000
3392	1	3.5	1216263385000
3392	6	3.5	1216271240000
3493	6	3.5	1078960984000
3512	1	2	1216316117000
3512	7	3	1216317617000
3541	1	3	1216321935000
3595	1	3.5	1189562149000
3595	3	3	1189562618000
3849	2	4	1216491580000
3868	1	4	1174764987000
3976	2	4.5	1135453287000
4002	1	2.5	1196374864000
4078	1	4	1216483053000
4078	6	4	1216484110000
4078	7	3	1217015921000
4335	1	4	1216572077000
4375	1	3	1218231019000
4517	1	2	1051883972000
4517	2	4	1174292011000
4544	1	4	1136095940000
4544	6	4.5	1074657416000
4549	1	3	1181601720000
4549	5	3	1138588833000
4697	1	4.5	1086165707000
4697	6	4	1087247463000
4728	1	4	1163699326000
4728	6	3	1163703837000
4800	6	4.5	1190061782000
4827	1	3.5	1136400686000
4827	2	2.5	1135804149000
4827	5	2.5	1135801514000
4827	6	4	1136409983000
4856	7	2.5	1136200247000
4895	1	3	1135843653000
5002	1	4.5	1190149064000
5031	1	1.5	1163798186000
5085	1	4	1113879888000
5085	9	1.5	1112685968000
5182	1	4	1025281585000
5182	3	3.5	1131394076000
5182	6	4	1026156781000
5227	1	4	1190192322000
5227	6	5	1190189775000
5238	7	3.5	1104002277000
5285	7	1	1136169266000
5461	2	3.5	1190248867000
5552	2	3.5	1164046253000
5757	1	3.5	1136056534000
5829	2	2	1031073378000
5829	6	4	1025310415000
5831	1	5	1136089875000
5917	2	3	942296417000
5917	6	3	942296750000
5917	7	3	942298658000
5925	1	2.5	1206614319000
5925	6	3.5	1164235631000
5954	1	4	1138041718000
5954	6	4	1136158912000
6018	1	3	1136161722000
6018	2	3.5	1136229468000
6018	5	2	1153994905000
6119	6	4.5	1217070340000
6150	6	4.5	1217097453000
6227	2	4	1101213789000
6227	3	4	1087943067000
6227	5	4.5	1101214012000
6227	7	4	1101213969000
6264	1	3.5	1164370197000
6323	2	4	1168374848000
6352	1	4	1025623216000
6375	6	5	1086891452000
6385	5	4.5	1140455425000
6393	1	4.5	1136475696000
6393	5	0.5	1136319497000
6393	6	3.5	1136405806000
6393	8	3	1136319377000
6443	1	5	1086910262000
6443	2	3	1087076283000
6477	1	2.5	1146963867000
6477	2	3.5	1136405145000
6477	3	3.5	1136405542000
6477	6	3.5	1136405307000
6477	7	4	1136405637000
6528	2	1	1217505650000
6532	6	3	1137663970000
6550	1	3.5	1138300415000
6550	2	4	1137498276000
6550	5	2.5	1139954839000
6550	6	3.5	1148913406000
6550	9	2.5	1140004610000
6571	1	2.5	1136395061000
6571	2	2	1155045614000
6616	1	4.5	1164503164000
6616	2	3.5	1164503983000
6757	1	3	1025861475000
6757	2	3	1025857792000
6757	3	2	1025855513000
6757	6	5	1025847620000
6757	7	3	1025851190000
6758	7	3	1097069902000
6862	1	3.5	1215651010000
6862	2	4.5	1215651545000
6971	1	5	1003072931000
6971	2	3	1002379497000
6971	6	5	1002990522000
6971	7	1	1002379497000
6971	9	4	1002996521000
7181	1	2	1002585540000
7195	1	5	949393376000
7195	2	3.5	1207779193000
7195	7	3.5	1207778960000
7252	1	3.5	1164824911000
7287	1	3.5	1136603848000
7287	3	2.5	1136603606000
7315	2	3.5	1136612784000
7315	6	2	1136613875000
7317	1	3	1114512012000
7354	2	3	1190924465000
7354	7	3	1226678300000
7461	1	5	974652003000
7461	6	4	975523399000
7461	7	3	974654826000
7587	1	3	1164956784000
7587	2	4	1165611564000
7587	6	5	1165097097000
7612	1	3.5	1112038920000
7612	2	2.5	1112035370000
7612	3	2.5	1112033982000
7612	7	2.5	1112039182000
7612	9	1	1112369606000
7635	1	3.5	1171365580000
7635	6	4	1167091571000
7685	1	4	1217425211000
7704	2	4	1165018989000
7711	2	3	951290191000
7711	6	4	954140419000
7740	1	5	949444398000
7743	1	2	1165038303000
7743	2	2	1165126193000
7743	7	3.5	1165265160000
7743	8	1.5	1165126672000
7919	1	4.5	1100969127000
8041	2	3	1164191636000
8048	3	2.5	1112798541000
8048	6	3	1113005336000
8048	7	3.5	1112799434000
8114	7	1	916757741000
8127	3	2	1165236710000
8127	5	2.5	1165237277000
8127	6	4	1165259962000
8148	6	2	1217546044000
8168	2	1	1165248711000
8209	1	3.5	1191021701000
8423	2	1	1137260713000
8434	1	3.5	1136917009000
8517	6	5	1140294713000
8604	2	1.5	1217707693000
8604	5	2	1217708377000
8604	6	4	1218414615000
8604	7	2	1218158554000
8610	1	4.5	1191285558000
8619	2	4	1204062945000
8621	1	4	1216013516000
8624	3	4.5	1168494444000
8642	1	4.5	1217773313000
8642	2	3.5	1217734511000
8642	6	1	1217773168000
8642	7	4	1217734834000
8651	2	4.5	1088637393000
8651	3	4	1099596164000
8651	6	3.5	1088400876000
8651	7	3.5	1099596157000
8683	2	3	1165700173000
8683	5	3	1165575679000
8701	2	2.5	1217801293000
8701	6	4	1217801211000
8740	2	3.5	1088461479000
8787	2	3	1112209867000
8858	1	3	1218564896000
8858	5	4	1218691968000
8858	6	4	1218519467000
8881	6	4	1003179630000
8892	1	3.5	1088536846000
8892	2	3.5	1088540552000
8892	3	3.5	1088537053000
8892	6	4	1088772971000
8892	7	3.5	1088540632000
8905	6	5	1165660071000
8930	1	4	1137104980000
8930	3	4.5	1137094789000
8970	1	2	1172173491000
8996	1	4	1112330319000
9034	1	3	1191410794000
9060	1	4	947094324000
9060	6	4	966050267000
9085	1	4.5	1224203024000
9085	6	5	1217893626000
9117	3	2.5	1158612841000
9117	7	4	879172281000
9127	6	4.5	1197160080000
9139	2	2.5	1193344111000
9139	6	5	1192817342000
9139	7	2.5	1193344287000
9177	2	1.5	1200158580000
9245	1	4	1137247523000
9245	2	5	1137247701000
9470	2	2.5	1112310019000
9470	7	3	1112310678000
9475	1	4	1137265046000
9522	2	4	974681777000
9595	1	4	1164827428000
9595	2	3	1054316230000
9595	6	4	1054278317000
9595	9	2.5	1054317584000
9807	5	2	1191703441000
9889	6	2.5	1218184960000
10058	6	3	1218204977000
10084	1	4.5	1137672842000
10094	1	2	1137508670000
10132	6	4	1191870808000
10191	1	4	1210562291000
10200	1	3	1137533634000
10231	1	4	1218232911000
10476	1	3.5	1086493860000
10479	3	2	1137627748000
10516	1	3	1082968962000
10516	2	3.5	1124095117000
10516	6	3.5	1080234918000
10521	1	5	1137628140000
10563	2	4.5	1218358927000
10639	7	0.5	1137654565000
10652	2	3	1218404003000
10652	5	2.5	1218955060000
10674	1	3	1192054187000
10783	7	4	1192071521000
10791	2	3	1028593751000
10791	8	3	1028593716000
10844	1	4	1147044387000
10844	2	2	1147044556000
10905	1	4	1166329825000
10905	2	3.5	1166552070000
10986	1	4	1097235142000
11032	7	4	1136127985000
11090	1	3	1194039433000
11162	1	4	942679241000
11188	2	3	1137922242000
11188	6	4	1137922072000
11220	1	4	985146545000
11220	2	3.5	1059673380000
11239	6	3.5	1112750720000
11255	6	4.5	1089851719000
11277	6	4	1099764106000
11338	1	4	974695427000
11338	2	3	975002264000
11338	7	4	974697639000
11420	6	4.5	1199556849000
11510	2	2.5	1218699031000
11510	3	3.5	1218699393000
11510	5	3	1218699571000
11510	6	4	1218698878000
11510	7	3.5	1218699436000
11515	1	4.5	1199086017000
11554	1	2.5	1162585919000
11554	2	2	1137963739000
11554	6	4	1162042019000
11563	1	4.5	1192444609000
11577	1	4.5	1137967597000
11577	2	2.5	1137966893000
11613	1	4	949791412000
11638	2	4.5	1192542852000
11638	5	3	1192471242000
11638	6	3.5	1192472869000
11728	1	4	1174766688000
11728	2	3.5	1166501054000
11758	1	3	1090392427000
11758	6	3	1090427176000
11802	1	4.5	1138041711000
11802	6	5	1138041728000
11809	1	4	1112474036000
11824	2	3.5	1192604818000
11824	6	4	1192588716000
11825	1	3	1218913098000
11898	1	3	948509386000
11898	2	3	1119322340000
11898	5	2.5	1119322498000
11912	1	4	1165463841000
11912	2	3.5	1112411405000
11930	2	3	1112452865000
11937	1	3.5	1201536684000
12025	1	3	1166639248000
12028	1	2.5	1139605671000
12056	6	4	1166655047000
12265	6	5	1112479387000
12283	1	4	1228365530000
12296	1	4.5	1063775552000
12309	1	3	1112404214000
12309	3	3.5	1201996122000
12309	6	3	1112402078000
12313	6	4	1168100826000
12428	2	2.5	1204841860000
12451	1	3.5	1138379012000
12621	1	4	1090990858000
12759	1	3.5	1091229676000
12759	6	3.5	1090877535000
12760	2	4	1140139629000
12760	3	3	1138419070000
12760	5	4	1138333578000
12760	6	3.5	1138328601000
12818	2	4	1138378969000
12917	1	3	1167148705000
12917	2	3	1167237892000
12949	2	2.5	1167161230000
13029	1	4	1138400054000
13029	6	1.5	1140903025000
13043	7	4	1194670222000
13056	7	4	1193089922000
13159	3	3.5	1138467306000
13230	3	3.5	1138506254000
13257	6	4	1138525853000
13283	3	1.5	1167269484000
13318	1	4	1117312791000
13318	2	2.5	1113493879000
13318	6	4.5	1123310590000
13472	1	3	1140465494000
13472	5	3	1140466020000
13595	1	3	1074603956000
13614	2	1.5	1168385136000
13614	3	2	1168461760000
13656	1	4	1206524588000
13694	2	2	1167368409000
13701	1	4	1056559226000
13701	6	4	1125096597000
13716	1	4.5	1138667599000
13716	2	3	1138722765000
13716	3	2.5	1167339173000
13716	7	4	1138667374000
13748	1	4.5	1169265110000
13748	2	3.5	1208399896000
13781	1	3	1193360822000
13781	2	2	1195859663000
13815	1	5	941983577000
13815	2	3	928326262000
13890	1	5	1031209842000
13890	2	3	1085395252000
13897	3	4	1138730684000
13914	6	4	1138804595000
13916	3	4.5	1140210008000
13938	1	4	1219683271000
13938	2	3	1219698751000
13938	3	2	1220114694000
13938	5	3	1220115090000
13970	1	4	1138986240000
13970	2	5	1138741438000
14070	2	1	1219728767000
14465	1	4.5	1193542071000
14498	2	3	1220013050000
14570	1	3.5	1187513662000
14578	2	3.5	1057118722000
14653	1	3	1091954113000
14653	2	2.5	1092170484000
14653	7	3	1092229572000
14679	1	3	1167689659000
14679	2	3	1167695229000
14679	3	3.5	1167711313000
14706	5	2	1167700736000
14706	7	2	1167700366000
14895	2	2	1092120024000
14918	1	3	1167910602000
14946	6	4	1029954140000
14979	1	3	1139671970000
15061	1	3.5	1156893131000
15061	3	3	1139098159000
15061	4	3	1157319963000
15061	5	1.5	1157321670000
15061	7	3	1139098213000
15264	1	3.5	1092173268000
15264	2	2	1093890305000
15264	6	4	1092930454000
15311	4	2	1189914978000
15311	5	1.5	1169976598000
15311	6	4	1206872149000
15344	2	3.5	1194141649000
15344	6	5	1194139166000
15440	1	3.5	1220326402000
15558	1	3	974751378000
15558	2	3	974707770000
15558	3	2	994173061000
15558	6	2	974703032000
15714	1	4	1092776802000
15714	2	2	1094238205000
15714	5	2	1094236593000
15715	3	1.5	1139271168000
15722	2	3	1120767569000
15722	3	4.5	1119996955000
15722	5	3.5	1120768113000
15722	6	3.5	1122929096000
15722	8	3	1122577907000
15783	1	3	1142558539000
15811	2	3.5	1139390483000
15816	6	4.5	1167945238000
15846	3	3	1092487415000
15974	3	2.5	1139354363000
16003	1	5	943038098000
16004	3	2.5	1225306431000
16004	6	4.5	1150356200000
16103	1	3	1139402573000
16133	1	4.5	1130064069000
16133	2	2.5	1108261824000
16168	1	4	1092676092000
16289	1	5	1141177220000
16289	7	3.5	1139446083000
16302	1	4	1113017921000
16321	1	3	1216241048000
16321	3	4	1194388717000
16321	6	5	1194388376000
16389	1	3	1005899878000
16389	2	3	1017143017000
16574	7	0.5	1139493472000
16587	2	4	1220883146000
16610	1	4	1139612079000
16610	2	3	1139760479000
16664	2	2.5	1113106653000
16664	6	3.5	1115621428000
16664	9	3	1115668518000
16677	1	4	1161399948000
16850	2	3	1139870993000
16862	6	4.5	1139544840000
17205	1	4	1137799852000
17205	6	4	1201267984000
17205	7	3	1113275279000
17260	1	2	1139655354000
17260	3	3.5	1139642799000
17307	1	4.5	1199532113000
17312	6	3.5	1182445972000
17363	1	4.5	1168454309000
17613	1	4	1093615934000
17613	6	3.5	1093616113000
17623	1	3.5	1195311480000
17632	1	4	1222532484000
17632	2	4	1222031808000
17632	5	1	1222108534000
17647	1	4	1140064163000
17653	1	4.5	1113404004000
17653	2	3	1123502297000
17653	6	4	1145532690000
17688	6	5	1194820316000
17755	1	4	1113428150000
17755	2	4	1113440296000
17835	1	2.5	1221171654000
17835	3	2	1121049890000
17835	5	1	1221172225000
17835	6	4	1221169356000
17854	1	3.5	1093756662000
17854	2	3	1093757674000
17854	5	3	1093757790000
17909	3	2.5	1128877631000
17909	5	0.5	1101047762000
17909	6	5	1110764637000
17924	1	4.5	1221399649000
17924	6	5	1221400218000
17930	2	3	1142184078000
17946	1	4.5	1168685023000
17999	1	5	950976620000
18015	1	4	1149332069000
18015	6	5	1115841992000
18015	7	3.5	1136719299000
18059	1	4	891972576000
18059	6	4.5	1121976841000
18082	1	4	1113540902000
18082	2	4	1113540987000
18114	1	4	1139893084000
18161	1	4	1114571385000
18161	7	3.5	1113875293000
18206	1	3	1221490628000
18206	2	3.5	1221490958000
18206	7	3.5	1230771280000
18256	1	4	1200637957000
18293	1	3	931286492000
18293	5	3	983228757000
18295	1	3.5	1168852857000
18367	2	2.5	1221588715000
18367	6	3.5	1221588595000
18506	1	4.5	1197958360000
18506	2	3	1195090562000
18506	7	3	1195601846000
18510	1	4	1140219472000
18510	2	3	1140219734000
18600	1	4.5	1081101975000
18600	2	0.5	1081100264000
18600	5	0.5	1081100256000
18600	6	4	1081102398000
18673	1	4	1143553823000
18673	2	1.5	1143554266000
18673	6	5	1094070238000
18673	9	2.5	1143553809000
18678	2	1.5	1221771300000
18687	3	3.5	1193863036000
18724	2	3	1195244622000
18724	3	4	1195244920000
18724	6	5	1195244504000
18797	1	3	1140120982000
18797	3	4	1140119725000
18802	1	4	1086946957000
18853	1	3	1113851584000
18896	1	3.5	1169051475000
18896	2	3	1169059851000
18946	1	4	1224484394000
18983	1	3	1113892793000
18983	6	2.5	1142163699000
19018	1	3	1212271800000
19018	2	4	1054614562000
19131	1	4	1114175778000
19164	1	4	1169145343000
19193	1	3.5	1195834913000
19193	7	3	1205607318000
19306	6	4	1127466044000
19402	1	3.5	1144645136000
19402	2	3.5	1144646929000
19475	2	2.5	1169269295000
19475	5	2.5	1169267176000
19475	6	4	1169264009000
19475	7	3.5	1169269678000
19493	1	5	1140376290000
19519	1	3	1145396889000
19532	2	2	1140396710000
19546	1	4	1169293962000
19546	2	3	1170024862000
19546	5	2.5	1170025079000
19587	3	3.5	1100916760000
19741	1	3	1098230460000
19741	2	2	1100991399000
19741	3	2.5	1095016901000
19741	6	4	1100993121000
19783	1	4	1222112742000
19783	2	4	1222123486000
19820	1	3.5	1145265709000
19820	3	2	1174311834000
19820	5	2.5	1174311827000
19820	6	2	1140503832000
19820	7	2.5	1174312202000
19838	2	3.5	1156106116000
19854	2	2	1140533038000
19864	1	3.5	1160215997000
19864	2	3	1140541257000
19899	1	3	1195850074000
19909	1	2	1176528058000
19909	3	3	1140559122000
19909	7	3	1178076872000
19923	1	3.5	1114204253000
19923	2	2	1119706267000
19928	1	5	943605711000
19982	1	5	1114204542000
19982	2	4	1114933528000
19982	6	4.5	1114217167000
19982	7	3.5	1131749963000
19982	9	2.5	1131752959000
20025	1	4.5	1059953124000
20025	5	3	1090900395000
20025	6	4.5	1151417600000
20025	7	3	1151469081000
20028	6	4	1222217666000
20081	5	3.5	1222241319000
20121	1	4.5	1082570905000
20121	6	4	1082571345000
20144	2	3	1200804099000
20144	7	4.5	1200803882000
20189	7	1	1140727696000
20262	1	4	1169841292000
20263	1	4.5	1094695137000
20263	2	3	1094695521000
20263	6	4.5	1124416559000
20298	2	3.5	1196349080000
20298	6	5	1196010086000
20348	2	1	1140739810000
20385	1	4	1169572088000
20385	2	3.5	1169574054000
20391	1	5	934805257000
20391	2	4	954178159000
20391	3	4	954183627000
20435	2	3.5	1169672059000
20438	2	1	1094789565000
20438	4	2.5	1094854482000
20492	1	4.5	1169586619000
20492	2	2	1169586920000
20492	6	5	1169585323000
20554	1	3.5	1222470163000
20699	1	3	1206826173000
20699	2	0.5	1211823641000
20709	2	3.5	1093864567000
20709	6	4	1069351099000
20734	2	1	1140908350000
20758	1	4.5	1140926165000
20758	7	3	1140925051000
20812	1	4.5	1078447580000
20812	4	3	1054366786000
20812	5	3	1054366789000
20812	6	4	1033281074000
20812	7	2	1114891787000
20812	9	2.5	1054366804000
20938	1	5	1060568130000
21171	1	4.5	1169789111000
21171	2	3	1170022011000
21171	3	3	1170022310000
21171	6	3.5	1169788399000
21184	2	3.5	1142822963000
21237	1	4.5	1169838237000
21244	1	5	1062362901000
21272	1	4	964198231000
21277	1	3.5	1169866763000
21374	2	5	1169945271000
21439	1	4	1223212870000
21488	1	4	1196419318000
21522	2	3	969349084000
21523	1	4.5	1196428816000
21624	1	3.5	1182414688000
21668	1	3	1169974438000
21672	2	4	1196504969000
21672	8	4	1229917053000
21693	1	2	1006696660000
21699	1	4	1114837998000
21699	2	1.5	1114960854000
21872	2	2.5	1142105570000
21947	1	3	937732487000
21947	6	4	937383064000
22061	1	3.5	1170086903000
22125	6	3.5	1156277534000
22198	1	2.5	1128544971000
22198	6	3.5	1138489827000
22386	1	3	1224006184000
22453	1	3.5	1141647548000
22479	1	3	1172276782000
22609	3	3	1186461764000
22609	6	3.5	1170284734000
22616	2	3	1115377882000
22616	6	4	1115119375000
22712	1	4	1170307143000
22712	2	3	1170554620000
22712	3	3.5	1170307622000
22712	4	1	1170618040000
22815	2	2.5	1170364612000
22815	8	2.5	1170358495000
22872	1	4	1095755257000
22872	2	1	1095755901000
22872	6	3.5	1095755663000
22872	7	2	1095774409000
22936	1	4.5	1072658162000
22957	1	3.5	1115748241000
22957	2	3.5	1115748412000
23032	1	4	1165076993000
23032	6	4.5	1062068716000
23087	1	3.5	1170457486000
23087	2	3.5	1170457897000
23172	1	5	884282724000
23172	2	2	914890080000
23172	4	3.5	1143347293000
23228	1	4	987047553000
23260	1	3.5	1137411269000
23260	6	3	1115330340000
23260	7	4	1115328742000
23318	1	4	1170544624000
23318	2	3.5	1170543893000
23386	2	2	1093285393000
23388	1	2.5	1195480693000
23388	6	2.5	1195481444000
23422	6	4	1034344792000
23423	1	4	1096011942000
23423	5	3	1125065573000
23437	1	4.5	1170595975000
23437	2	3.5	1173282708000
23437	5	3	1180658669000
23561	1	4.5	1141921810000
23561	2	2.5	1229875388000
23581	1	3.5	1115521660000
23581	2	2.5	1115522065000
23581	5	3	1115509416000
23581	6	4	1115513536000
23581	8	2.5	1115569158000
23634	1	4.5	1141442195000
23634	7	4	1120379430000
23647	1	4	1141943356000
23733	1	4.5	1080289741000
23753	1	3.5	1197174698000
23753	7	1.5	1197087723000
23858	2	4	1150058410000
23858	3	2.5	1161563377000
23858	4	1	961818956000
23858	7	4	954046453000
23988	1	4	1199572959000
23988	2	2.5	1197325171000
23988	3	2.5	1197325216000
24039	6	4.5	1142075818000
24104	2	3.5	1197209300000
24132	6	4	1142127780000
24221	2	4	1107673654000
24230	6	1.5	1084489312000
24231	1	3	1096677189000
24231	2	3.5	1191639824000
24234	1	4	968104122000
24234	2	3	952896507000
24234	5	3	1150736759000
24234	8	3.5	1080791305000
24240	1	4	990887527000
24240	2	3	1083590288000
24263	6	5	1142720266000
24476	1	4.5	1142363413000
24476	3	3.5	1143564767000
24476	5	3	1144076727000
24476	7	2	1143265422000
24495	1	5	974769291000
24495	2	4	974780700000
24495	6	3	974781274000
24495	7	4	974958829000
24517	1	4	1197410766000
24517	5	1.5	1197414264000
24517	6	4.5	1197411215000
24560	1	4	1170967548000
24560	6	4	1171733234000
24573	1	2.5	1219171276000
24668	1	4.5	1171017944000
24668	2	1	1171018221000
24668	6	3	1171018125000
24695	2	3	966449544000
24695	5	4	1087390699000
24695	6	5	966363766000
24708	1	5	1142358663000
24708	6	3.5	1144033286000
24929	1	3	991244888000
24954	1	4	1216457336000
24954	6	3.5	1171107739000
25007	2	3.5	1106335312000
25038	1	4	1197672581000
25038	2	3	1198268048000
25038	3	3	1200859467000
25038	5	3	1199146832000
25038	6	3.5	1197706102000
25038	9	2.5	1198530613000
25055	2	3	1137846205000
25097	3	3	1142531093000
25097	7	4	1142531151000
25197	3	3.5	1137580751000
25244	1	1	1171176192000
25248	2	2	1142544642000
25248	3	2	1142543861000
25286	6	4	1197791461000
25359	1	4.5	1203816135000
25359	6	4	1203816259000
25388	7	3	1142566876000
25408	1	3.5	1114296358000
25408	2	4	1114297190000
25408	6	4	1048513480000
25411	3	4	1116120469000
25411	6	4	1116117817000
25412	7	2.5	1171754710000
25649	2	2.5	1115813566000
25679	1	4.5	1063280615000
25679	5	4	1066621961000
25686	1	3.5	1116203444000
25686	5	3.5	1116468910000
25686	7	4	1119931117000
25723	1	4	1224489268000
25723	2	4	1224489473000
25730	5	2	1142627803000
25752	1	3.5	1224500755000
25801	2	2.5	1198036903000
25867	2	3.5	1198163608000
25867	6	4.5	1198163533000
25887	6	4	1035640104000
25889	1	4.5	1198028099000
25889	3	3.5	1198030370000
25889	6	2	1198028929000
25889	7	3	1198029937000
25907	1	4	1198094610000
25907	2	3	1198085806000
25907	6	3	1198083458000
25913	8	4	1142643185000
25976	1	4	1224599334000
26007	1	3.5	1063440513000
26007	2	3	1063442876000
26007	7	3.5	1063449045000
26116	7	2	1021098817000
26152	1	3.5	1063464805000
26152	7	4	1063464079000
26242	2	4	1097834270000
26242	3	2.5	1183031756000
26316	2	4	1059246878000
26356	1	1	1142794299000
26528	2	2.5	1082428842000
26528	6	4	974781762000
26589	1	3	1142956302000
26617	2	2	1171922134000
26674	1	5	974784028000
26674	2	2	974785195000
26674	6	4	1119930163000
26674	7	4	975126549000
26692	1	4.5	1171565956000
26738	1	5	974785390000
26740	1	5	1226156367000
26873	7	3	1142919134000
26920	1	4	974788542000
26920	6	4	974786996000
26964	1	3	1171900108000
26987	2	3.5	1198852165000
26987	7	3.5	1198853804000
27072	6	4	1116679575000
27112	2	3.5	1225076801000
27112	3	3	1225077133000
27112	5	3	1225077273000
27115	1	4	1142980464000
27152	2	4	1116816342000
27152	5	3	1116906785000
27152	7	3.5	1116816520000
27164	1	4	1143142013000
27350	6	4.5	1143048551000
27464	6	3.5	1171667273000
27626	2	3	1225389626000
27662	2	4	1116951197000
27685	1	5	963277980000
27713	1	0.5	1171735860000
27713	2	2	1171761385000
27713	5	3.5	1177641412000
27713	8	2.5	1171849281000
28039	1	3.5	1154090443000
28039	6	4.5	1151930260000
28048	1	3.5	1143318645000
28082	6	5	974827604000
28082	7	4	1016908718000
28101	1	4.5	1171943347000
28105	1	4	1117045765000
28105	2	3	1117046051000
28105	3	1.5	1130964503000
28105	5	1	1130964586000
28105	6	4	1117045955000
28105	9	2	1129585097000
28199	1	4.5	1225209186000
28342	1	4.5	1143439164000
28342	2	3.5	1143439450000
28350	7	4	901624626000
28384	1	3	1117057650000
28492	1	4.5	1172066446000
28492	2	4	1172071408000
28492	3	4	1174155299000
28492	5	2	1172095831000
28521	1	3.5	1117132611000
28642	1	3	1172087371000
28645	1	3.5	1199422056000
28653	1	4	1199426462000
28653	2	2.5	1199428007000
28653	6	5	1199425323000
28665	1	3.5	1144843729000
28665	3	0.5	1144827208000
28665	4	0.5	1144825704000
28665	6	1.5	1144839346000
28798	1	4	1104460690000
28855	1	5	1094404874000
28962	1	3	1146469697000
28962	2	2	1157208592000
29061	1	4	1117193092000
29061	2	1.5	1117193356000
29061	3	1	1117193445000
29202	1	3	931719982000
29202	2	4	1080661000000
29202	3	3	1001309104000
29202	7	2	1136384148000
29202	9	1.5	1080662558000
29343	1	4.5	1099433012000
29369	6	4	1226696799000
29401	1	3	1117312669000
29401	6	4.5	1167902977000
29421	1	2	1151947167000
29421	6	1.5	1143916890000
29442	1	3.5	1098891330000
29442	2	3	1108550184000
29442	3	2.5	1099056267000
29442	6	2.5	1098954255000
29538	1	3	1152308750000
29538	2	2.5	1152308877000
29592	1	2	1225284358000
29658	2	3	1144034253000
29658	7	3.5	1144035420000
29801	2	4	1049932727000
29801	5	4	1049932751000
29801	7	4	1016585611000
29892	1	5	1122494178000
29892	3	2.5	1121031373000
29892	6	5	1099185935000
29892	8	1	1131938204000
29942	6	4	1021599518000
29947	2	2	1158612793000
29985	1	3	1172619219000
29985	5	3.5	1172615612000
30139	1	3.5	1099380886000
30167	2	3	1065339955000
30167	3	3	1065340075000
30167	4	2.5	1065340270000
30167	6	3.5	1065329836000
30210	1	3	949891117000
30274	2	2.5	1065336566000
30274	5	3.5	1077122010000
30274	6	4	1065338410000
30274	7	3.5	1157665465000
30275	1	4.5	1117514810000
30275	7	3.5	1117513083000
30286	1	4	1117656238000
30465	6	3.5	1149387950000
30500	1	4	929608705000
30500	3	3	957982878000
30500	4	2	968868342000
30500	5	3	968868082000
30500	8	3	968861521000
30547	1	3.5	1226505758000
30547	2	4	1226505917000
30627	1	4	953612714000
30627	2	5	953612604000
30687	2	3.5	1144421718000
30687	5	3	1149695930000
30836	1	4	1144451320000
30840	6	2.5	1134599026000
30846	1	5	974910990000
30846	2	1	975625360000
30846	6	5	975627069000
30879	2	4.5	1144489846000
30886	1	3.5	1153541463000
30897	3	2.5	1168336790000
30897	6	3	1168336559000
30938	1	4.5	1152313443000
30938	2	1.5	1152658898000
30938	7	4	1161987126000
30950	1	3.5	1172952967000
30950	7	3	1172953848000
30972	1	4	1099694627000
30977	1	5	1008478808000
30977	2	5	1009101258000
30977	3	3.5	1154579107000
30977	5	3	1009101288000
30977	6	4	1008477739000
30980	1	4	1225289468000
31088	3	2	1144570103000
31104	1	4	1144805792000
31104	2	2	1155112664000
31104	7	2	1155112592000
31170	1	3	1180565538000
31170	2	3.5	1172997091000
31170	7	3	1172997372000
31179	1	2	1117826799000
31179	2	2	1117826948000
31179	6	2.5	1138122714000
31193	6	4	1117818937000
31221	1	3.5	1200124492000
31221	6	4	1200138078000
31296	1	3	1187545847000
31296	2	2	1173048520000
31375	1	4.5	1117966848000
31375	2	4.5	1117948219000
31468	2	3	1130275743000
31468	6	4.5	1118091482000
31523	1	0.5	1156337293000
31523	2	2	1203427184000
31523	3	3	1211218757000
31523	6	5	1144763809000
31523	7	3	1144845348000
31786	1	2.5	1173287303000
31786	2	3	1173232811000
31789	6	3	1144885647000
31789	7	3	1144885895000
31813	1	4	1173243793000
31854	3	2	1174230372000
31854	4	2	1174230241000
31854	5	3	1145511820000
31854	6	3	1145606811000
31854	7	3	1174229508000
31937	1	5	974950066000
31937	2	4	1117760862000
31937	3	3.5	1117760954000
31937	5	3.5	1078344176000
32011	1	4	972099743000
32011	6	4	965362361000
32021	1	4	1200292894000
32021	2	3	1200569802000
32035	1	4	1008878048000
32035	2	2	1008879073000
32035	5	2	1092856946000
32035	6	4	1008878236000
32283	1	4	954041453000
32283	2	3	919088627000
32283	3	4	1109532070000
32283	5	3	874593700000
32283	6	3	874593341000
32283	7	3	919089349000
32293	1	5	1066339225000
32293	6	3.5	1110829489000
32308	1	2	1200347441000
32308	2	2	1200350226000
32308	6	2	1200348605000
32357	2	3	1100404084000
32406	6	3.5	1145202350000
32411	1	4	992554533000
32411	5	4	992556083000
32411	6	3	995492548000
32412	1	2.5	1100441807000
32412	2	4	1100453818000
32445	1	2.5	1224455073000
32512	1	3.5	1200441089000
32536	1	4	953921054000
32536	5	3	954184146000
32538	2	3	1047880799000
32538	5	2.5	1114957188000
32538	9	2.5	1091737278000
32634	2	3	1173635766000
32634	6	4	1173660326000
32736	1	2.5	1118245289000
32736	2	2	1118240891000
32791	2	2.5	1173707417000
32791	6	5	1173707281000
32791	7	2.5	1177245531000
32861	7	4	1173666297000
32919	1	3.5	1200566419000
32919	2	4	1200566545000
32931	1	5	1173688286000
33052	7	3.5	1145445291000
33139	1	5	938812281000
33139	6	4	940692436000
33141	1	1.5	1173736258000
33202	1	2.5	1100811471000
33202	2	3	1100811932000
33238	1	4	1039138839000
33238	9	2.5	1062365430000
33240	1	3.5	1200698045000
33285	6	4	1148571908000
33349	1	3.5	1096791217000
33349	7	4	953241446000
33384	1	4	1038421883000
33384	7	3	1038422803000
33477	1	3	1173813123000
33477	2	1	1173815231000
33477	3	1	1173815816000
33477	9	1.5	1173945854000
33528	1	4.5	1145564769000
33528	3	3	1145564616000
33577	6	3	1084230354000
33577	8	3	993068076000
33579	1	4	1186943886000
33780	2	3	1145600721000
33843	1	2.5	1201456728000
33843	6	3	1201307198000
33880	1	4	1101266134000
33880	2	2.5	1101266439000
33880	4	0.5	1142042853000
33880	6	2.5	1101197629000
33880	7	2	1101266585000
33880	8	2.5	1101267782000
33943	1	3	1174251277000
33943	6	3	1174252339000
34101	2	4	1200939962000
34101	3	3	1200941177000
34225	2	3	1145759994000
34295	1	5	1029654052000
34295	2	3	1053548829000
34295	6	4.5	1082278641000
34329	1	4.5	1081138500000
34329	7	4	1024886170000
34329	8	3	1026631563000
34334	1	3	1118749477000
34334	2	3.5	1174498767000
34368	1	3	1201026684000
34368	2	3	1223400909000
34384	2	3.5	1177518279000
34405	6	4	1146127031000
34420	1	4	1194100791000
34579	1	4	1039212619000
34579	2	2	1039512180000
34671	2	2	1145961996000
34680	6	4	1145963896000
34687	1	5	1201111919000
34740	1	3	1120834053000
34740	2	3	1118874249000
34755	1	3.5	1120662271000
34783	1	3	1186006635000
34783	2	4	1009939376000
34783	3	3	1040574303000
34796	2	3.5	1146008966000
34857	6	4	1088057124000
34881	6	5	1110152071000
34906	1	4	1201179019000
34906	6	4.5	1201773333000
34958	1	3.5	1146071230000
34958	2	3.5	1146071533000
34958	6	3.5	1156628284000
35002	2	1.5	1146076710000
35051	2	2	1146095005000
35105	1	4	955343956000
35105	2	3	954313408000
35211	6	4	1119021912000
35223	1	5	1039365781000
35223	6	4.5	1093713277000
35223	7	4	1069644162000
35345	1	3.5	1225451443000
35373	1	3.5	1149147352000
35373	2	2	1119058372000
35373	6	4	1149037507000
35455	1	4	1205518137000
35455	2	3.5	1205519204000
35461	3	3	1159175329000
35461	6	3.5	1067845117000
35568	1	4	1206538219000
35601	1	4	1225400943000
35622	3	4	1201559117000
35622	6	5	1201558845000
35660	1	4	1223510139000
35779	6	3.5	1201457532000
35785	1	4	1176159199000
35785	2	3.5	1174689401000
35814	2	2.5	1174664483000
35814	3	2.5	1174665081000
35814	5	2.5	1174665311000
35814	7	2	1174665103000
35886	2	4	891835167000
35899	1	4.5	1119963759000
35899	2	1.5	1123106817000
35899	6	4	1119861267000
36004	2	2	1119294687000
36004	5	3	1119294672000
36004	6	4	1121027465000
36060	1	5	1119320245000
36082	1	3	1201535795000
36151	1	5	1201710238000
36294	6	4	1119993546000
36347	1	3	1119436841000
36347	2	2.5	1119436029000
36347	6	3.5	1119436764000
36495	1	4	894558113000
36495	2	4	911227375000
36495	6	5	874939691000
36527	1	3.5	1146842125000
36548	5	3.5	1201687430000
36558	1	3.5	1054394523000
36559	2	4	1217856423000
36619	1	2	1201711116000
36632	6	2.5	1119551785000
36655	1	3.5	1146925622000
36655	2	4.5	1146925175000
36659	1	3.5	1102665243000
36659	2	3	1102664663000
36663	1	3.5	1068154410000
36663	2	3.5	1132469433000
36784	1	3	1217967939000
36784	7	3	1211288641000
36802	2	3	1149344937000
36802	3	4	1148431158000
36907	2	3	1225255276000
36937	1	3	1147034450000
36969	1	3	1205538625000
37001	1	4.5	1225344532000
37037	1	3	1099159669000
37037	2	3	1068409461000
37037	3	2.5	1124919851000
37037	6	4	1068659076000
37225	2	3	1147141491000
37321	1	4	1147195252000
37419	2	2.5	1115022497000
37568	1	3.5	1187440859000
37820	1	4	1180211780000
37857	1	4	1147545175000
37899	1	4	1202146255000
37934	1	3	955550380000
37934	3	3	955382379000
37934	7	3	955381965000
37987	1	3.5	1222225117000
37987	2	1	1219024211000
38047	1	4	1225285040000
38093	1	4	1120267532000
38093	2	2.5	1153006809000
38119	2	3	961045498000
38281	2	3	1202237875000
38281	6	3.5	1203285666000
38340	5	2	1087077813000
38340	6	4	1073514744000
38340	7	3	1068867144000
38348	1	4.5	1202234652000
38373	1	3.5	1175618634000
38373	2	4	1175619264000
38373	3	4	1175619621000
38435	2	3	1068926565000
38437	1	3	1175638051000
38437	2	2	1180038036000
38437	7	2	1175641134000
38437	8	1.5	1196035188000
38527	2	4	1110750806000
38527	5	3	1073087365000
38527	6	3	1069632089000
38527	7	3.5	1070747498000
38646	1	5	1147895085000
38646	2	3	1147912317000
38662	1	4	1040446110000
38662	2	2.5	1061238278000
38662	3	1.5	1061232972000
38662	7	2	1159891885000
38690	1	3.5	1175714540000
38690	6	2	1175714816000
38722	1	3	1147946850000
38726	1	4	1175720409000
38740	1	3	1147957492000
38740	3	3.5	1147957292000
38740	5	3	1148058439000
38745	1	3	1225301006000
38765	1	3.5	1177296630000
38765	2	3.5	1178914758000
38801	1	3	1040746555000
38801	2	2	1040748511000
38801	6	3	1181999526000
38875	1	4	956791373000
38889	1	4	1202446591000
38934	6	4	1202470287000
39033	1	4	1148590893000
39033	7	4.5	1224936921000
39047	1	4.5	1225307467000
39065	2	2	1104093458000
39065	3	3	1111096919000
39065	7	3	1104090279000
39156	1	4	1175872473000
39156	5	3	1175876201000
39177	1	3	1148237155000
39262	6	4.5	1202614231000
39282	1	3.5	1160048224000
39320	1	0.5	1203677212000
39390	1	4	1148319849000
39390	6	4	1148523300000
39393	6	4.5	1120838497000
39463	1	4	1148331212000
39480	1	3.5	1175999259000
39480	2	3	1176028907000
39513	1	5	1148339255000
39513	2	3.5	1148340024000
39513	5	3.5	1148341040000
39524	1	3	1148339748000
39607	1	3.5	1125312788000
39607	2	1.5	1120942823000
39607	6	4	1120942689000
39608	2	3.5	1225328658000
39608	3	3.5	1225383539000
39617	1	3	938984957000
39677	1	4	1148405188000
39746	1	0.5	1177850779000
39799	2	3	1157298359000
39799	3	2.5	1157298202000
39799	6	3	1157297528000
39803	6	3.5	1069480915000
39861	1	4	1069599131000
39897	1	3.5	1202813129000
39904	1	5	1202731787000
39981	1	3	1176224857000
39981	2	2.5	1202665797000
40003	5	1.5	1176200023000
40003	6	4	1176152006000
40003	7	2	1176197536000
40101	2	4	1176164364000
40260	1	4.5	1078623804000
40260	2	3.5	1100078608000
40282	6	5	1202820224000
40284	7	3	1121238694000
40328	6	5	1176363350000
40375	1	3.5	1176301445000
40456	6	3.5	1105313762000
40457	1	5	1148844836000
40457	3	2.5	1148844369000
40465	2	2.5	1104974765000
40512	1	4	1121287705000
40512	2	3.5	1121323779000
40512	3	3.5	1121323783000
40512	7	4	1121323793000
40826	1	3.5	1225453750000
40826	2	2.5	1225547557000
40826	3	3	1225547763000
40837	2	4	989241476000
40855	4	1	1123177044000
40872	1	3	1087963220000
40895	1	4	1225466648000
41000	1	4	966303814000
41000	6	4	966303253000
41000	7	4	1080028654000
41027	1	3.5	1076139386000
41027	2	2	1035325435000
41027	7	3	966356879000
41066	1	3	1149083437000
41066	2	3	1172594366000
41103	2	1.5	1197232341000
41154	2	3.5	1176628645000
41154	6	5	1176626873000
41154	9	3.5	1200817460000
41178	1	4.5	1059350660000
41201	1	4	1225495652000
41234	2	1	939047862000
41258	1	4.5	1105140003000
41335	6	3	1176672067000
41391	1	4	1029150149000
41391	6	5	1017757128000
41391	7	3	1039374531000
41394	2	4	1011842389000
41394	5	4	1011852751000
41394	8	2	1011934727000
41464	6	3.5	1122346057000
41573	1	4	1199216560000
41727	9	3.5	1203310258000
41740	1	4	1176840436000
41838	2	3	1186417986000
41838	6	4	1194801507000
41859	1	5	1149447665000
42054	1	3	1105409600000
42104	1	3.5	1097701115000
42104	2	3	975788281000
42104	6	4	1061579049000
42154	2	3.5	1149708357000
42154	3	3	1149785235000
42154	6	3	1149615571000
42164	7	1.5	1149947559000
42445	1	3.5	1177104283000
42445	8	1.5	1179469778000
42490	1	4	1177127917000
42551	2	3.5	1070829845000
42551	6	3.5	1071939422000
42552	1	4.5	1177182073000
42582	6	4.5	1177201016000
42664	6	4.5	1203703613000
42688	1	3.5	1149763599000
42688	2	2	1149801762000
42688	5	3.5	1149801760000
42688	6	4.5	1149802636000
42688	8	2.5	1149762370000
42773	1	3.5	1225754255000
42773	3	3.5	1225753388000
42888	2	2.5	1149832266000
42966	2	2.5	1225840532000
43102	1	5	966643231000
43102	2	4	1078076087000
43113	1	3	1149932121000
43281	1	4	1012505983000
43281	2	1.5	1057256201000
43397	1	3	1205323709000
43449	2	3.5	1105769665000
43527	1	4	1150092873000
43591	1	4	1151463816000
43591	6	3	1151463612000
43699	1	5	1071308021000
43699	4	3.5	1086019756000
43699	5	3.5	1071312621000
43706	1	5	1023984367000
43706	7	4	966791405000
43718	1	4	1150143917000
43726	4	2	1051653744000
43726	8	3	1047782973000
43779	7	3.5	1055864925000
43948	2	3	1110576953000
43948	5	3	1086721884000
44038	1	4.5	1122838550000
44038	2	2	1138596700000
44038	7	2	1138596750000
44041	1	5	944927058000
44041	2	3	945155103000
44041	6	4	944940750000
44068	1	3.5	1063519145000
44068	3	3	1049183068000
44117	2	3	1153536801000
44117	3	3	1152914609000
44117	5	3	1155150416000
44129	1	3.5	1178140514000
44129	2	4.5	1181602960000
44129	6	4	1178142367000
44264	9	0.5	1053114468000
44285	6	3.5	1131220459000
44287	1	4	967679108000
44287	2	3	1142149086000
44287	8	1	986923094000
44294	5	2	1123026437000
44361	1	4	960096564000
44361	2	4	965268211000
44361	3	3	955151674000
44361	6	4	1086141493000
44361	7	3	1013486807000
44446	1	3.5	1226105179000
44485	6	4.5	1194905600000
44706	6	3.5	1055688592000
44730	1	2	1204422014000
44744	7	3	1150667225000
44847	1	3.5	1153053638000
45049	1	4.5	1119396647000
45049	2	3	1106548842000
45070	1	1.5	1172791365000
45070	2	1	1172791019000
45120	2	4	1182122364000
45129	1	3.5	1112744334000
45187	1	3.5	1150846547000
45220	1	3.5	1106468113000
45257	6	4	1123227404000
45290	2	2.5	1178278841000
45478	1	4.5	1072252798000
45478	2	4	1073633057000
45478	3	3.5	1072250804000
45478	5	4	1073202861000
45478	6	4	1173595208000
45478	7	4	1085902828000
45478	8	3.5	1168704452000
45987	1	4.5	1106877590000
46033	2	3	1042999296000
46033	5	4	1043001258000
46257	1	0.5	1167266342000
46272	1	2	1206242358000
46441	1	4	1078447210000
46441	2	3.5	1073371358000
46494	1	3	967341835000
46523	1	4	1226507352000
46523	6	4.5	1226508453000
46536	1	3.5	1205031146000
46536	7	3.5	1205033442000
46603	2	2.5	1153393027000
46641	1	4.5	1205063727000
46641	2	4	1205064363000
46641	5	3	1205094583000
46641	7	4	1205064744000
46655	1	3	1123733331000
46656	2	3	1016519641000
46754	5	3	1128471620000
46754	7	3	1124570232000
46762	6	4.5	1127532179000
46840	6	4.5	1065053011000
46890	1	4.5	1077941093000
46964	1	3.5	1206606322000
46979	1	4	1107695550000
47002	3	3	1151700844000
47040	1	4	1080600335000
47065	1	3.5	1151758895000
47165	6	4.5	1151766475000
47179	1	4	968460388000
47179	2	4	989716406000
47249	1	3	1205307881000
47302	1	2.5	1151811369000
47384	1	5	1016651411000
47384	2	5	1013439096000
47438	1	3.5	1151965330000
47438	2	3.5	1151965035000
47438	3	3	1152053328000
47438	6	3.5	1151965002000
47438	8	2	1167020460000
47448	1	4	1151893398000
47592	1	4	1121577148000
47592	7	4	1107163190000
47613	2	3	1226775414000
47613	3	2.5	1226776126000
47613	5	3	1226776352000
47613	9	2	1226872664000
47711	2	2.5	1152558840000
47719	1	4.5	1209296996000
47719	7	3.5	1161641455000
47780	1	4.5	1152405388000
47911	3	3.5	1114047535000
47933	6	5	1179243181000
47999	1	3.5	1124888189000
47999	6	5	1013444303000
48052	6	2.5	1152258260000
48076	1	3	1205465361000
48117	6	4	1147446570000
48128	1	4.5	1226874239000
48326	1	1	1152402879000
48326	2	2	1152403006000
48337	1	3.5	1228120848000
48337	2	4	1230494963000
48337	6	1	1226917495000
48370	1	4	1073707242000
48395	1	5	1179431533000
48506	1	3.5	1205689334000
48534	1	4	1043277421000
48534	3	3	1133656463000
48717	2	3.5	1158783111000
48717	3	4	1158783047000
48717	5	2	1158783340000
48726	1	3.5	1152573716000
48726	2	0.5	1152717243000
48743	2	3	1152582421000
48802	1	3.5	1078371004000
48802	2	3.5	1097731683000
48919	1	4.5	1073925540000
48919	2	3	1101738904000
48919	6	4.5	1140780273000
48920	1	4	1179654852000
48920	2	3	1179712358000
48920	6	5	1179710904000
48933	1	3.5	1153644563000
48933	2	2.5	1152895640000
48933	7	2.5	1193040171000
49032	1	4	1179693739000
49032	2	3	1179694713000
49032	6	2.5	1179694472000
49065	1	4.5	1152730474000
49065	2	4	1152736571000
49236	1	4	1179767657000
49236	2	3	1180482986000
49236	3	2	1180483640000
49308	6	3.5	1177736695000
49361	3	3.5	1152880155000
49365	1	4	1227225900000
49365	2	3	1227223467000
49527	2	4	1193066751000
49527	6	4	1193030378000
49582	1	3.5	1176134235000
49582	2	3	1153290440000
49606	2	2	1153180589000
49913	1	5	1206361158000
49913	2	4	1219264016000
49913	7	5	1219264632000
49935	2	3	1153153761000
49996	1	4	1084411980000
49996	3	4	1192430106000
49996	5	4	1093368936000
50041	5	3	1172202899000
50041	7	2.5	1173412443000
50160	1	4.5	1157938553000
50160	6	3	957387320000
50265	5	3	955258842000
50265	8	2	939440069000
50265	9	2	939478889000
50295	1	4.5	1206472353000
50295	6	4.5	1206473025000
50324	6	4	1153272638000
50377	1	4	1206529481000
50383	6	4	939766483000
50383	7	3	968204228000
50510	6	4	1153395490000
50533	1	4	1074588628000
50533	6	3	1074598900000
50543	6	4	949109335000
50670	1	5	900951636000
50670	6	4	900952062000
50670	7	4	929649571000
50695	6	4	1053819710000
50783	2	2.5	1137496414000
50846	1	3	1207567830000
50846	2	2.5	1206876594000
50888	1	4	1153533920000
50893	1	4	1076571571000
50893	2	3	1076572580000
50893	3	3	1074785410000
50970	1	3	1153627458000
50970	2	3	1225739078000
50992	1	5	995260103000
51033	1	3.5	1081144609000
51033	6	3.5	1053409286000
51033	7	5	957808176000
51167	1	4	1104982638000
51191	3	2	1153650344000
51198	1	4	943123028000
51218	2	3	1153729588000
51218	7	5	1153755029000
51230	1	3	1180756881000
51284	1	4	968474051000
51284	2	4	1082167787000
51284	3	4	1082167899000
51284	5	4	1082167978000
51284	7	5	968474760000
51301	1	4	1227708765000
51336	6	4	1126085931000
51373	2	3	1154898407000
51373	5	1	1159510017000
51373	6	4.5	1153902418000
51441	1	4	1153733597000
51448	1	2.5	1126063547000
51466	1	2.5	1153777185000
51466	2	2.5	1153750710000
51494	1	4	1154590620000
51499	1	5	1180622771000
51499	5	3.5	1180812908000
51615	1	3	1227779382000
51673	2	2	968593091000
51673	5	2	1153937197000
51673	6	4	968590937000
51673	7	2	972591443000
51673	9	3	972589771000
51687	1	3.5	1077721973000
51687	2	3	1075874450000
51692	1	5	1153787493000
51692	2	3.5	1153791207000
51707	2	4	1180675086000
51761	6	1	1153819739000
51901	1	4	1126240893000
51954	1	3	1108122340000
51954	2	2	1135571980000
51954	5	2	1135300354000
51954	6	4.5	1108216598000
51954	7	3	1108126478000
51972	2	2	1186094869000
51972	6	0.5	1180814251000
52021	1	4.5	1180827381000
52021	6	5	1180828164000
52129	1	2	1180856936000
52129	6	4.5	1221903757000
52136	1	4	1153922211000
52147	1	3	1153922283000
52147	7	3	1153919973000
52298	1	4	1126419300000
52305	2	3.5	1180959759000
52328	2	3.5	1126805216000
52328	5	3.5	1132770247000
52328	6	2.5	1130690240000
52365	7	3.5	1053368604000
52379	1	4.5	1180989448000
52427	2	3.5	1154000033000
52427	7	3	1153991026000
52459	1	2.5	1228041823000
52510	2	3	1210338277000
52572	6	4	1173290552000
52576	1	4	1075586188000
52576	2	3	1075586207000
52580	1	3.5	1154114351000
52580	2	4	1154215951000
52580	6	4	1185369977000
52592	7	4	963983032000
52610	1	5	1080433161000
52610	2	4	1093150139000
52610	7	3	1093150207000
52707	2	4.5	1154072484000
52751	1	3	1207921395000
52751	6	4.5	1207919774000
52751	7	3.5	1211807148000
52806	2	3.5	1154126749000
52806	6	4	1154121546000
52834	1	4	1058315898000
52834	2	1	944973423000
52834	6	5	944970451000
52834	9	3	1036750782000
52882	1	3.5	1154194181000
52961	1	3.5	1203365454000
52983	2	4	1039377142000
52983	4	2	972261619000
52983	6	4	945670796000
52983	7	2.5	1217220950000
53042	1	4	1122933433000
53042	2	3.5	1147907315000
53045	5	3	964586361000
53045	6	4	1104632322000
53241	2	2.5	1165455233000
53241	6	5	1154374412000
53315	2	3.5	1108561568000
53315	5	3.5	1108697022000
53379	1	3	1015224875000
53379	3	2	1076539732000
53379	8	4	1070925179000
53382	1	3	972346644000
53429	6	4.5	1154548132000
53565	1	2.5	1193874752000
53565	2	2.5	1193876396000
53565	3	2	1193971983000
53565	6	2	1193875464000
53610	2	3	1090112240000
53610	6	3	1025049240000
53849	1	4.5	1206595404000
53996	1	3.5	1108153918000
53996	3	0.5	1049736635000
54066	1	4	972761003000
54087	7	4	1208042931000
54113	2	4	1181776005000
54262	1	4	1108706386000
54274	1	3	1210010241000
54371	1	5	1181593285000
54503	3	3.5	1228617568000
54503	5	3	1228617656000
54650	7	2.5	1156447674000
54716	1	3.5	1208342887000
54730	1	3.5	1228677551000
54730	6	4	1228677987000
54767	1	5	1155007408000
54767	2	2	1155062463000
54767	5	1	1155341663000
54767	6	3.5	1155061239000
54767	7	2.5	1155007261000
54767	8	2	1155354339000
54786	1	3	1228681766000
54876	4	4	969939442000
54980	2	3	1159039732000
55113	6	3	1155151395000
55193	1	4	1208602423000
55211	3	1	1228921408000
55211	6	5	1228920557000
55327	1	4	970156335000
55403	1	4.5	1228823971000
55414	1	4	1183912908000
55414	6	4.5	1181937712000
55468	1	5	1208672741000
55468	2	3	1216888646000
55468	6	4.5	1209489656000
55491	1	4	1155735724000
55560	1	4	1228875763000
55560	2	3.5	1229410240000
55590	2	2	1044652107000
55699	6	3.5	1208671202000
55790	1	4	1208718643000
55840	2	3	1157483841000
55840	3	3.5	1084909282000
55840	5	2.5	1200630259000
55840	6	2	1044686721000
55841	1	3.5	1127496386000
55865	2	2.5	1155486141000
55935	2	4.5	1182170783000
55936	2	3.5	1076528803000
55936	6	4	1076528666000
55992	1	4	1076209774000
55992	4	4.5	1089563572000
55992	5	3.5	1107686789000
56016	6	5	1182198175000
56030	1	3.5	1182207653000
56030	6	4	1186699518000
56030	7	3	1185834955000
56044	1	4	1182206034000
56044	2	3.5	1182394704000
56044	7	3.5	1184299380000
56091	1	3.5	1229117511000
56091	2	3.5	1229117907000
56091	6	4	1229113550000
56091	7	3.5	1229118304000
56147	1	4	1209830628000
56147	6	3.5	1208846258000
56345	1	3	1155610191000
56535	6	2.5	1127955463000
56596	4	4	1229214105000
56686	1	5	1209065239000
56686	2	4.5	1209065529000
56758	6	4	1159626621000
56896	2	1.5	1155915993000
56915	2	2.5	1132146615000
56915	3	2	1138823889000
56915	5	1.5	1138823952000
56915	6	3	1132146367000
56915	9	1.5	1122802851000
57018	2	2	980963119000
57018	4	2	980964148000
57018	5	2	1142154072000
57018	6	3	945049107000
57018	7	2	980939509000
57022	2	3.5	1109944903000
57022	6	2	1207457319000
57035	6	4.5	1157827410000
57097	5	2	1156033118000
57120	1	4	1156036578000
57120	6	4.5	1156037792000
57138	1	4	954744811000
57249	1	3.5	1229415724000
57274	1	4	1229418865000
57274	6	3	1229420089000
57420	1	2.5	1182762706000
57420	2	3	1183235958000
57475	1	1	1110166176000
57512	1	4	1128027258000
57512	6	4	1127993717000
57606	5	4	1156351105000
57637	2	4	1156296797000
57637	5	0.5	1166289120000
57696	1	4	1230585718000
57696	7	2	1230588786000
57835	1	4	1128095381000
57835	2	2.5	1129570242000
57835	9	3.5	1169524665000
57912	1	5	1209535418000
57928	1	5	1182903355000
57973	1	3.5	1156599844000
58019	7	4	1156518704000
58087	1	5	996782314000
58087	3	3	1086733591000
58087	7	4	1029432776000
58089	1	3	1182953646000
58160	1	3	1229744301000
58174	1	4	1209636681000
58174	2	3	1209637314000
58203	6	4	1229756703000
58470	2	2	1170441989000
58470	3	2.5	1184685064000
58470	5	2.5	1110191176000
58470	7	2	1170442203000
58567	1	4.5	1166104295000
58613	6	5	1183006547000
58657	6	2.5	1189790023000
58693	1	4.5	1230235209000
58709	1	3.5	1156880697000
58709	2	3	1157178099000
58709	6	5	1156864509000
58747	1	3	1005362258000
58747	4	1	1028953386000
58747	5	2	1028952479000
58747	8	3	978466459000
58763	2	3	1147206813000
58895	2	4	1156929394000
59050	1	3	1128688394000
59078	1	1.5	1128693295000
59078	2	2.5	1128693610000
59078	5	0.5	1130159876000
59078	6	2.5	1128693496000
59082	3	3.5	1210097358000
59082	6	5	1210093773000
59082	7	4	1210097402000
59092	1	4	1157549237000
59148	2	3.5	1157094400000
59148	3	3	1157093046000
59165	1	4	1157104169000
59165	2	4	1157120040000
59219	1	3.5	1110327281000
59311	1	2.5	1230069961000
59327	1	4	1157182443000
59327	2	1.5	1166478245000
59327	6	3.5	1157182425000
59355	1	2	1051838420000
59355	2	3	1046539104000
59390	1	2.5	1157237399000
59390	3	2.5	1157237838000
59390	6	4	1157223772000
59401	6	3	1180480160000
59462	1	3	1210276995000
59462	2	3	1210277563000
59499	2	1	1202969264000
59527	1	3	1157281999000
59529	1	4	1128913601000
59529	2	3.5	1129005321000
59577	2	3.5	1157503329000
59686	1	5	971986382000
59750	4	3	951680805000
59750	6	5	945114614000
59771	2	3	1129294179000
59894	1	4	1157542836000
59999	1	4.5	1210540908000
60051	1	4	1163783483000
60158	2	3.5	1158142608000
60166	2	4	1167800786000
60166	6	3.5	1163572428000
60182	1	0.5	1183585452000
60182	2	1	1183585787000
60182	5	1.5	1183586534000
60195	1	3	978561169000
60229	1	4	1230425769000
60296	1	4	1129287859000
60296	2	4	1129280949000
60303	1	3.5	1129891556000
60316	1	4	1230437438000
60316	2	4	1230437923000
60316	5	4	1230438639000
60316	6	4.5	1230437689000
60319	5	2.5	1110796554000
60331	1	4	1189555249000
60374	6	3.5	1183711648000
60556	1	2.5	1110913238000
60556	2	3	1110958157000
60556	6	4	1111044013000
60564	1	5	1183811803000
60564	2	3.5	1183812460000
60564	3	4	1183812723000
60661	1	2.5	1110956041000
60661	2	1.5	1110956307000
60661	3	0.5	1110956398000
60661	5	1.5	1110954190000
60661	6	4	1110956207000
60661	7	1	1110956394000
60692	1	3.5	1157920138000
60692	7	3	1157969413000
60693	2	3.5	1110974695000
60693	9	2.5	1143150998000
60713	1	2	1040860667000
60716	1	3.5	1123267757000
60716	2	3	1013888348000
60798	2	2.5	1183778879000
60863	1	4	1210880873000
60863	5	2.5	1210882066000
60890	6	4	1129617071000
60891	1	5	940173178000
60901	1	4	1129521728000
60963	1	3	1230573067000
60971	1	2.5	1129752013000
61020	1	3.5	1158012380000
61020	3	4.5	1158011005000
61020	5	5	1158010708000
61240	1	4	1230623684000
61240	2	4	1230651002000
61379	1	3.5	1184052621000
61381	1	4	1166108384000
61400	6	4.5	1229911500000
61544	1	4.5	1230734948000
61544	2	4.5	1230943933000
61805	1	4	947996313000
61805	5	3	959444436000
61805	6	4	945329032000
61805	8	4	983774195000
61836	1	4.5	1158286854000
61869	1	2.5	1090063051000
61869	2	1	1085682682000
61869	6	4	1017999011000
61875	2	3	1231030891000
61875	5	2.5	1230904623000
61910	1	3	1159134209000
61915	2	3	991783212000
61968	1	3	1230890390000
61968	2	3	1230893364000
61985	2	3.5	1230914152000
62012	1	4	1129878404000
62042	5	2.5	1230915209000
62091	1	3	1211545144000
62141	1	4	1158451110000
62141	5	3	1158775372000
62141	7	3.5	1158449028000
62252	3	3	1162915514000
62252	6	4	1162915327000
62319	2	3	945148762000
62319	3	3	1115068961000
62319	6	4	945146507000
62319	7	3	1115068964000
62323	1	4	1158521916000
62323	6	3	1158522326000
62332	1	3	916265132000
62332	3	1	1070319218000
62332	5	2.5	1072078096000
62332	7	4	916372242000
62348	1	5	1158531916000
62394	6	3.5	1230999353000
62474	2	3	1184450470000
62572	1	3.5	1174188363000
62572	5	3	1174195741000
62572	7	3	942685495000
62637	2	3	1158677054000
62686	1	4	947053513000
62691	1	2	1159466679000
62787	2	2.5	1158735319000
62847	7	3.5	1231105576000
62880	7	4	1036954999000
63024	1	4	1158890448000
63060	1	2.5	1184636239000
63060	2	3	1184636849000
63086	1	3.5	1224188744000
63086	6	4	1211900783000
63198	1	4	1130275219000
63198	2	3.5	1130338395000
63347	2	2.5	1184776251000
63347	7	2	1184960552000
63375	1	4	1185390964000
63375	2	2.5	1192751570000
63405	1	1	957727054000
63438	1	3	1184869977000
63458	1	2.5	1212041073000
63458	6	4.5	1212398357000
63491	6	3.5	1185745110000
63542	1	3	1212026975000
63556	3	2.5	1130471509000
63594	1	3.5	1185055967000
63594	3	2.5	1208310780000
63631	1	4.5	1159173877000
63717	3	2.5	1130490461000
63725	1	4.5	1159202555000
63725	2	2.5	1159203739000
63725	7	2.5	1159201841000
63872	1	3.5	1212167899000
63872	3	3.5	1212169514000
63873	1	4	1159238044000
63973	6	5	1212212177000
63991	1	4	1159292902000
64012	1	4	978835035000
64063	2	4	1185161752000
64063	3	2	1185161895000
64294	1	5	1185287321000
64344	6	4	1156564886000
64363	6	4	1021310287000
64364	3	1	1185238273000
64370	1	0.5	1130866572000
64411	1	5	1047088026000
64411	2	2.5	1093894567000
64411	3	3	1093894737000
64411	6	4	1047061894000
64411	7	3.5	1093894712000
64423	1	2.5	1134155500000
64472	5	3.5	1062619499000
64472	7	5	1047072215000
64500	1	3.5	1130926397000
64500	7	2	1131142368000
64540	1	4	1073188323000
64540	2	2.5	1139199848000
64540	3	1.5	1139200225000
64540	5	1	1139200374000
64581	6	3.5	1079795927000
64621	1	5	998704421000
64621	2	2.5	1113242067000
64621	3	3.5	1113242149000
64621	6	2	998704896000
64642	1	2.5	1111476556000
64642	2	3	1112701356000
64642	3	2	1111472461000
64642	5	3	1167739797000
64642	6	4.5	1176030123000
64854	1	3.5	1185250906000
64949	6	5	1185257107000
65081	2	2.5	1113427966000
65081	6	4	1113427849000
65081	7	3.5	1090037517000
65081	9	2.5	1054505764000
65135	1	5	1000584830000
65135	2	4	1016213247000
65174	1	4	1159818296000
65279	5	1	1185337523000
65293	1	4	1080236521000
65293	6	4.5	1080177929000
65298	1	4.5	1185435171000
65298	6	4.5	1185365147000
65308	2	3	1085108689000
65308	3	3	1080252578000
65403	1	4.5	1131258261000
65403	2	4	1131259206000
65403	3	3	1131259295000
65403	5	4	1132002438000
65403	7	4	1131223375000
65436	1	3	980055060000
65436	4	3	980060398000
65436	6	4	980061638000
65500	1	4	1080330018000
65500	2	1	1080332776000
65500	6	4.5	1080331338000
65523	1	4	1131308535000
65523	2	4	1142672321000
65595	1	3.5	1111475057000
65595	5	2	1112062379000
65713	1	5	1159947796000
65713	2	3.5	1159948077000
65805	7	3	1159980407000
65851	2	3	1131585104000
65851	6	2.5	1162680425000
65851	7	3	1203024079000
65867	2	3.5	1159992062000
65881	1	4	1170878372000
65881	2	3	1096854818000
65881	3	2.5	1080590756000
65905	2	3	1180934855000
65914	2	3	1160003771000
65932	1	4	1131414560000
66134	1	2	1213205838000
66134	2	2	1219348347000
66149	1	4	1193294423000
66149	7	4.5	1192407808000
66152	1	4	1160085564000
66227	1	4	1186011162000
66328	1	4.5	1160158454000
66328	2	2	1160155252000
66390	2	1.5	1204996025000
66406	2	2.5	1131585402000
66532	1	4	1160248457000
66532	2	3.5	1160248115000
66541	1	3	1213098449000
66544	6	4	986001546000
66553	2	2.5	1160256703000
66553	5	4	1160289163000
66553	7	3	1160290420000
66650	5	3	1186124478000
66745	6	4.5	1105502631000
66770	1	3	1186185280000
66770	2	2	1186185541000
66778	1	3.5	1213299135000
66778	2	3.5	1213308176000
66892	4	2.5	1083714321000
66892	6	1	1081064287000
66893	1	5	958528257000
66902	2	4.5	1213203746000
67010	1	4	1193385930000
67010	7	4	1160391382000
67042	1	3.5	1081163323000
67068	1	3	907187784000
67068	6	3	907189368000
67189	1	3	1019969298000
67189	2	1	1019969366000
67189	3	2	1020293619000
67189	5	1	1020100446000
67199	2	3.5	1213451358000
67267	1	4.5	1219599564000
67306	2	3	1131890759000
67306	7	3.5	1131890246000
67325	1	5	1214535986000
67325	2	1.5	1214536465000
67325	6	5	1213401010000
67363	1	2	1213122716000
67363	3	0.5	1160458821000
67363	5	1.5	1213126957000
67363	6	3.5	1230270902000
67401	1	4.5	1186440087000
67410	1	4	1213414536000
67538	1	4.5	1093294818000
67538	3	3.5	1095977175000
67538	6	3.5	1130117499000
67538	7	4	1150162178000
67542	1	5	1160511183000
67542	2	3.5	1160511416000
67542	3	4	1160511525000
67542	5	3.5	1160512954000
67542	7	2	1160509978000
67542	9	3.5	1160585132000
67635	1	4	1081428314000
67635	6	4	1081428467000
67687	2	3	1132013522000
67687	6	4.5	1132104720000
67795	2	4.5	1187044862000
67920	1	1.5	1111974927000
67920	2	1	1111716394000
67924	1	4	1020232540000
68163	1	4	1106878440000
68163	2	3.5	1106878544000
68163	6	5	910932453000
68180	1	4	1122874677000
68180	2	3.5	1122873983000
68228	1	3	1160673346000
68228	2	1.5	1165076857000
68304	1	4	1186788674000
68304	2	2.5	1186785963000
68393	1	4.5	1132213522000
68396	1	5	1160750675000
68396	2	4	1160750417000
68441	1	2	1186933661000
68441	2	1	1186933968000
68523	1	4	1207331657000
68623	2	3.5	1213870941000
68637	2	3	1120933621000
68637	5	2	1000207328000
68722	6	3	1044185742000
68810	1	4	1190918690000
68810	6	3.5	1190913386000
68864	1	4	1187078463000
68883	1	4	1213974002000
68883	2	4	1213974463000
68899	1	3.5	1080030253000
68899	6	5	1079896343000
68912	6	3.5	1187097403000
68943	1	3.5	1229278317000
68947	6	4.5	1132418961000
68988	1	2	1225388433000
68988	2	2	1225387482000
68989	2	0.5	1187277578000
69002	1	3.5	1187655785000
69066	1	2.5	1226428319000
69135	5	2	1228301421000
69135	6	5	1214927942000
69153	2	3.5	1134518518000
69153	7	2	1138238261000
69195	1	4	1161199388000
69213	1	3	1000461340000
69213	2	3	1000381969000
69213	5	3	1002808166000
69213	6	5	1002356078000
69213	7	3	1009952105000
69232	1	3	1214145744000
69232	6	4	1214146100000
69245	1	4.5	1058591157000
69374	1	4.5	1161140505000
69374	2	3	1161143989000
69374	5	3	1161144420000
69388	1	5	1215615952000
69393	6	3.5	1129404935000
69469	2	3	1206579926000
69504	1	3	1111569454000
69576	1	4	1187449487000
69576	9	2.5	1187733628000
69625	1	4	1000500912000
69625	2	3	1012683870000
69668	1	4	1082611633000
69668	7	3	1139461930000
69719	1	3.5	1161289580000
69767	1	3	1214369109000
69805	2	3.5	1161306756000
69820	1	2	1196840306000
69866	5	1	1111522336000
70078	1	4.5	1214534334000
70078	5	4	1214607161000
70078	6	3.5	1214605976000
70287	2	3	1187781013000
70287	4	4.5	1187908026000
70331	5	4	1049300482000
70331	7	4	1049300482000
70342	1	5	1042501759000
70342	3	5	1021504245000
70342	5	3	1021503893000
70342	6	5	1056311894000
70362	2	3	1084659113000
70362	4	3	1021774941000
70374	2	3.5	1161553015000
70485	2	2	1187787582000
70525	1	3.5	1133152801000
70560	1	2.5	1111531624000
70560	2	3	1112682359000
70617	1	4	1187862463000
70623	1	3.5	1083243912000
70623	2	4	1113666585000
70642	1	3.5	1161671205000
70642	2	3	1161670744000
70698	1	4.5	1194296715000
70742	1	3.5	1166481019000
70743	2	3	1000904637000
70743	6	4.5	1054226749000
70760	1	3	1187928879000
70782	1	3.5	1196087010000
70782	2	2	1200542106000
70793	1	5	1161734868000
70816	1	3	1194798995000
70878	1	2.5	1187992604000
70878	3	3	1188017808000
70878	6	4	1188017427000
70974	1	4	1021829300000
70974	2	3	1021826019000
70974	3	5	1090334298000
70974	6	4	1021827674000
71055	1	2	1156159912000
71055	2	2.5	1120686316000
71055	3	1.5	1121534387000
71116	1	3.5	1161872214000
71149	1	4	1171887454000
71149	2	2.5	1161876346000
71149	5	3	1163507818000
71149	6	2.5	1161876018000
71278	1	4.5	1215032076000
71278	3	4.5	1215034070000
71278	5	4	1225322329000
71278	7	4	1225322218000
71287	1	4.5	1188182284000
71291	1	3.5	1188514227000
71331	3	3	931525286000
71331	6	3	929459065000
71331	9	2	941847717000
71420	3	3	962911684000
71420	5	4	962909455000
71420	6	3	1170717292000
71420	7	5	948258009000
71483	1	4	1035837220000
71497	1	5	1188256917000
71497	2	3.5	1199585160000
71509	1	4	1018636872000
71509	5	1.5	1106750812000
71529	1	4.5	1162098801000
71529	3	2	1162098540000
